00000000 00000000 0000 1
01010101 11001100 0000 1
11111111 11111111 0000 1
00000000 00000000 0001 1
01010101 11001100 0001 1 
11111111 11111111 0001 1
00000000 00000000 0010 1
01010101 11001100 0010 1
11111111 11111111 0010 1
00000000 00000000 0011 1
01010101 11001100 0011 1
11111111 11111111 0011 1
00000000 00000000 0100 1
01010101 11001100 0100 1
11111111 11111111 0100 1
00000000 00000000 0101 1
01010101 11001100 0101 1
11111111 11111111 0101 1
00000000 00000000 0110 1
01010101 11001100 0110 1
11111111 11111111 0110 1
00000000 00000000 1000 1
01010101 11001100 1000 1
11111111 11111111 1000 1
00000000 00000000 1001 1
11111110 11111111 1001 1
11111111 11111111 1001 1
00000000 00000000 1010 1
01010101 11001100 1010 1
11111111 11111111 1010 1
00000000 00000000 1011 1
01010101 11001100 1011 1
11111111 11111111 1011 1
00000000 00000000 1111 1
01010101 11001100 1111 1
11111111 11111111 1111 1
00000001 00000001 1000 1
01010101 11001100 1000 1
11111111 11111111 1000 1
00000001 00000001 1000 0
01010101 11001100 1000 0
11111111 11111111 1000 0
00000001 00000001 1000 1
01010101 11001100 1000 1
11111111 11111111 1000 1